---
cameras:
  - {SensorID: ["Infrared", 0],
     T_SC: [ 9.9999937646332882e-01, 1.1063553334850586e-03, 1.5182499685173964e-04,-3.7122533333333332e-03,
            -1.1069282598463496e-03, 9.9999206483792813e-01, 3.8268748352175723e-03, 3.8980683333333338e-03,
            -1.4758990871126035e-04,-3.8270405084003425e-03, 9.9999266596218894e-01, 1.7582904999999999e-02,
            0.,                      0.,                     0.,                     1.                    ],
     focal_length: [ 4.2711225733701440e+02, 4.2720197736420749e+02 ],
     principal_point: [ 4.2488291584109146e+02, 2.3996792510521490e+02 ] }

  - {SensorID: ["Infrared", 1],
     T_SC: [ 9.9999865099690477e-01, 1.1081123828671330e-03,-1.2124732234165840e-03, 4.6369534999999996e-02,
            -1.1033816995568715e-03, 9.9999180410083810e-01, 3.8954178179130077e-03, 3.8177133333333335e-03,
             1.2167798468287791e-03,-3.8940747422163938e-03, 9.9999167777972353e-01, 1.7697606666666667e-02,
             0.,                     0.,                     0.,                     1.                    ],
     focal_length: [ 4.2705616800672391e+02, 4.2716442140753276e+02 ],
     principal_point: [ 4.2433794784439812e+02, 2.4006183656157452e+02 ] }

  - {SensorID: ["Depth", 0],
     T_SC: [ 9.9999937646332882e-01, 1.1063553334850586e-03, 1.5182499685173964e-04,-3.7122533333333332e-03,
            -1.1069282598463496e-03, 9.9999206483792813e-01, 3.8268748352175723e-03, 3.8980683333333338e-03,
            -1.4758990871126035e-04,-3.8270405084003425e-03, 9.9999266596218894e-01, 1.7582904999999999e-02,
            0.,                      0.,                     0.,                     1.                    ],
     focal_length: [ 4.2711225733701440e+02, 4.2720197736420749e+02 ],
     principal_point: [ 4.2488291584109146e+02, 2.3996792510521490e+02 ] }

  - {SensorID: ["Visible", 0],
     T_SC: [ 0.99989    , 0.01442 ,-0.00462,-0.01860 ,
            -0.01437 , 0.99986  , 0.00911, 0.00391,
             0.00475,-0.00904, 0.99995  , 0.01744 ,
             0.0       , 0.0       , 0.0       , 1.0],
     focal_length: [ 613.133, 613.191 ],
     principal_point: [ 423.826, 239.72 ] }

imu_params:
  T_BS: # Transform Body-Sensor (IMU)
    [ 1., 0., 0., 0., 0., 1., 0., 0., 0., 0., 1., 0., 0., 0., 0., 1. ]
